JZ 
41,33467,城区 1.0,50001
6334,16500,城区 1.0,50002
19169,30724,城区 1.0,50003
11478,19358,城区 1.0,50004
1962,39464,城区 1.0,50005
5705,18145,城区 1.0,50006
23281,31827,城区 1.0,50007
9961,15491,城区 1.0,50008
2995,26942,城区 1.0,50009
4827,20436,城区 1.0,50010
7391,29604,城区 1.0,50011
3902,15153,城区 1.0,50012
292,27382,城区 1.0,50013
17421,33716,城区 1.0,50014
19718,34895,城区 1.0,50015
5447,36726,城区 1.0,50016
14771,26538,城区 1.0,50017
1869,34912,城区 1.0,50018
667,16299,城区 1.0,50019
17035,24894,城区 1.0,50020
3703,38811,城区 1.0,50021
6322,20333,城区 1.0,50022
17673,19664,城区 1.0,50023
15141,22711,城区 1.0,50024
3253,21868,城区 1.0,50025
547,17644,城区 1.0,50026
7662,22757,城区 1.0,50027
20037,27859,城区 1.0,50028
8723,24741,城区 1.0,50029
2529,15778,城区 1.0,50030
12316,18035,城区 1.0,50031
22190,16842,城区 1.0,50032
288,20106,城区 1.0,50033
9040,23942,城区 1.0,50034
19264,37648,城区 1.0,50035
2446,38805,城区 1.0,50036
15890,21729,城区 1.0,50037
24370,30350,城区 1.0,50038
15006,21101,城区 1.0,50039
24393,18548,城区 1.0,50040
19629,27623,城区 1.0,50041
24084,34954,城区 1.0,50042
18756,26840,城区 1.0,50043
4966,22376,城区 1.0,50044
13931,16308,城区 1.0,50045
16944,22439,城区 1.0,50046
24626,26323,城区 1.0,50047
5537,36538,城区 1.0,50048
16118,17082,城区 1.0,50049
22929,31541,城区 1.0,50050
4833,21115,城区 1.0,50051
4639,19658,城区 1.0,50052
22704,24930,城区 1.0,50053
13977,17306,城区 1.0,50054
6673,37386,城区 1.0,50055
5021,18745,城区 1.0,50056
1924,34072,城区 1.0,50057
6270,20829,城区 1.0,50058
1777,30573,城区 1.0,50059
5097,31512,城区 1.0,50060
23986,28290,城区 1.0,50061
9161,33636,城区 1.0,50062
22355,39767,城区 1.0,50063
23655,30574,城区 1.0,50064
4031,27052,城区 1.0,50065
2350,16150,城区 1.0,50066
16941,36724,城区 1.0,50067
13966,18430,城区 1.0,50068
6107,20191,城区 1.0,50069
18007,26337,城区 1.0,50070
15457,27287,城区 1.0,50071
2753,25383,城区 1.0,50072
14945,23909,城区 1.0,50073
7209,24758,城区 1.0,50074
24221,33588,城区 1.0,50075
6422,39946,城区 1.0,50076
2506,28030,城区 1.0,50077
16413,19168,城区 1.0,50078
900,22591,城区 1.0,50079
18762,16655,城区 1.0,50080
17410,21359,城区 1.0,50081
2624,35537,城区 1.0,50082
21548,21483,城区 1.0,50083
2595,19041,城区 1.0,50084
3602,39350,城区 1.0,50085
10291,20836,城区 1.0,50086
9374,26020,城区 1.0,50087
4596,39021,城区 1.0,50088
2348,38199,城区 1.0,50089
19668,39484,城区 1.0,50090
8281,19734,城区 1.0,50091
53,16999,城区 1.0,50092
1418,17938,城区 1.0,50093
6900,18788,城区 1.0,50094
18127,15467,城区 1.0,50095
3728,29893,城区 1.0,50096
24648,37483,城区 1.0,50097
17807,17421,城区 1.0,50098
14310,21617,城区 1.0,50099
22813,24514,城区 1.0,50100
14309,22616,城区 1.0,50101
18935,32451,城区 1.0,50102
20600,20249,城区 1.0,50103
16519,21556,城区 1.0,50104
22798,20303,城区 1.0,50105
6224,26008,城区 1.0,50106
5844,22609,城区 1.0,50107
14989,22702,城区 1.0,50108
3195,35485,城区 1.0,50109
3093,29343,城区 1.0,50110
5523,16587,城区 1.0,50111
4314,24503,城区 1.0,50112
7448,15200,城区 1.0,50113
13458,21618,城区 1.0,50114
20580,34796,城区 1.0,50115
14798,30281,城区 1.0,50116
19589,35798,城区 1.0,50117
3009,17157,城区 1.0,50118
20472,38622,城区 1.0,50119
18538,27292,城区 1.0,50120
6038,39179,城区 1.0,50121
18190,19657,城区 1.0,50122
7958,21191,城区 1.0,50123
19815,37888,城区 1.0,50124
19156,26511,城区 1.0,50125
16202,17634,城区 1.0,50126
24272,35055,城区 1.0,50127
20328,37646,城区 1.0,50128
1362,19886,城区 1.0,50129
18875,18433,城区 1.0,50130
4869,35142,城区 1.0,50131
23844,16416,城区 1.0,50132
21881,21998,城区 1.0,50133
10322,33651,城区 1.0,50134
10021,20699,城区 1.0,50135
3557,18476,城区 1.0,50136
2892,39389,城区 1.0,50137
5075,25712,城区 1.0,50138
2600,17510,城区 1.0,50139
21003,16869,城区 1.0,50140
17861,29688,城区 1.0,50141
13401,24789,城区 1.0,50142
15255,31423,城区 1.0,50143
5002,25585,城区 1.0,50144
24182,25285,城区 1.0,50145
2088,21426,城区 1.0,50146
3617,38757,城区 1.0,50147
9832,20932,城区 1.0,50148
4169,17154,城区 1.0,50149
721,32189,城区 1.0,50150
19976,21329,城区 1.0,50151
2368,18692,城区 1.0,50152
21425,25555,城区 1.0,50153
3434,31549,城区 1.0,50154
7441,24512,城区 1.0,50155
5145,33060,城区 1.0,50156
21718,18753,城区 1.0,50157
16139,27423,城区 1.0,50158
16279,15996,城区 1.0,50159
16687,27529,城区 1.0,50160
22549,32437,城区 1.0,50161
19866,27949,城区 1.0,50162
193,38195,城区 1.0,50163
3297,35416,城区 1.0,50164
3286,31105,城区 1.0,50165
24488,31282,城区 1.0,50166
12455,15734,城区 1.0,50167
18114,26701,城区 1.0,50168
6316,35671,城区 1.0,50169
5786,27263,城区 1.0,50170
4313,39355,城区 1.0,50171
6185,35053,城区 1.0,50172
912,25808,城区 1.0,50173
1832,35945,城区 1.0,50174
4313,17756,城区 1.0,50175
3321,34558,城区 1.0,50176
23646,17982,城区 1.0,50177
481,19144,城区 1.0,50178
23196,35222,城区 1.0,50179
7129,17161,城区 1.0,50180
5535,35450,城区 1.0,50181
11173,25466,城区 1.0,50182
12044,36659,城区 1.0,50183
1292,16439,城区 1.0,50184
17253,35024,城区 1.0,50185
1154,19510,城区 1.0,50186
4745,35649,城区 1.0,50187
13186,23313,城区 1.0,50188
4474,18022,城区 1.0,50189
2168,29018,城区 1.0,50190
18787,24905,城区 1.0,50191
17958,22391,城区 1.0,50192
10202,18625,城区 1.0,50193
1477,19414,城区 1.0,50194
9314,15824,城区 1.0,50195
4334,15874,城区 1.0,50196
24372,35159,城区 1.0,50197
11833,18070,城区 1.0,50198
7487,18297,城区 1.0,50199
7518,23177,城区 1.0,50200
17773,22270,城区 1.0,50201
1763,17668,城区 1.0,50202
17192,28985,城区 1.0,50203
3102,23480,城区 1.0,50204
4213,22627,城区 1.0,50205
4802,19099,城区 1.0,50206
5527,17625,城区 1.0,50207
1543,16924,城区 1.0,50208
11023,19972,城区 1.0,50209
13061,29181,城区 1.0,50210
6003,17432,城区 1.0,50211
17505,17593,城区 1.0,50212
22725,28031,城区 1.0,50213
8492,15142,城区 1.0,50214
17222,21286,城区 1.0,50215
13064,22900,城区 1.0,50216
19187,23360,城区 1.0,50217
22413,20974,城区 1.0,50218
14270,19170,城区 1.0,50219
235,20833,城区 1.0,50220
19711,15760,城区 1.0,50221
18896,19667,城区 1.0,50222
7285,27550,城区 1.0,50223
140,28694,城区 1.0,50224
2695,36624,城区 1.0,50225
3019,17125,城区 1.0,50226
1576,36694,城区 1.0,50227
22658,16302,城区 1.0,50228
17371,37466,城区 1.0,50229
4678,37593,城区 1.0,50230
23851,15484,城区 1.0,50231
1018,18464,城区 1.0,50232
21119,38152,城区 1.0,50233
2800,33087,城区 1.0,50234
6060,16926,城区 1.0,50235
9010,19757,城区 1.0,50236
7170,35315,城区 1.0,50237
9576,20227,城区 1.0,50238
12043,37758,城区 1.0,50239
7164,20109,城区 1.0,50240
7882,32086,城区 1.0,50241
4565,18487,城区 1.0,50242
4577,29474,城区 1.0,50243
2625,15627,城区 1.0,50244
5629,21928,城区 1.0,50245
423,18520,城区 1.0,50246
6902,29962,城区 1.0,50247
123,39596,城区 1.0,50248
3737,28261,城区 1.0,50249
10195,22525,城区 1.0,50250
1264,23260,城区 1.0,50251
6202,23116,城区 1.0,50252
5030,35326,城区 1.0,50253
4011,20771,城区 1.0,50254
6411,15547,城区 1.0,50255
21153,36520,城区 1.0,50256
4790,29924,城区 1.0,50257
5188,36763,城区 1.0,50258
4940,35851,城区 1.0,50259
18662,28829,城区 1.0,50260
5900,32713,城区 1.0,50261
18958,32578,城区 1.0,50262
8365,28007,城区 1.0,50263
11477,16200,城区 1.0,50264
1058,21439,城区 1.0,50265
2303,27760,城区 1.0,50266
19357,17324,城区 1.0,50267
6477,20108,城区 1.0,50268
21113,29887,城区 1.0,50269
19801,37850,城区 1.0,50270
14460,37428,城区 1.0,50271
12993,17384,城区 1.0,50272
19405,21540,城区 1.0,50273
6111,18704,城区 1.0,50274
12835,22356,城区 1.0,50275
6072,19350,城区 1.0,50276
18823,29485,城区 1.0,50277
20556,38216,城区 1.0,50278
1626,24357,城区 1.0,50279
8526,28357,城区 1.0,50280
4337,38271,城区 1.0,50281
23869,19361,城区 1.0,50282
12896,28022,城区 1.0,50283
4617,25112,城区 1.0,50284
12717,33696,城区 1.0,50285
11585,39041,城区 1.0,50286
24423,39129,城区 1.0,50287
24229,19565,城区 1.0,50288
6559,23932,城区 1.0,50289
22296,19855,城区 1.0,50290
12053,31962,城区 1.0,50291
3584,19734,城区 1.0,50292
6654,31972,城区 1.0,50293
21457,29369,城区 1.0,50294
22532,17963,城区 1.0,50295
2607,17483,城区 1.0,50296
911,26635,城区 1.0,50297
10067,37848,城区 1.0,50298
4675,27938,城区 1.0,50299
2223,37142,城区 1.0,50300
23754,21511,城区 1.0,50301
22741,35175,城区 1.0,50302
21459,32825,城区 1.0,50303
3221,32870,城区 1.0,50304
1626,21934,城区 1.0,50305
15205,21783,城区 1.0,50306
23850,32398,城区 1.0,50307
22279,37701,城区 1.0,50308
12193,27734,城区 1.0,50309
1637,16534,城区 1.0,50310
5556,16993,城区 1.0,50311
10176,15705,城区 1.0,50312
6962,25548,城区 1.0,50313
15881,15300,城区 1.0,50314
14413,31641,城区 1.0,50315
19855,39855,城区 1.0,50316
13142,26462,城区 1.0,50317
2611,20877,城区 1.0,50318
20424,22678,城区 1.0,50319
1752,33443,城区 1.0,50320
3296,27673,城区 1.0,50321
10040,24313,城区 1.0,50322
875,35072,城区 1.0,50323
12818,15610,城区 1.0,50324
1017,29932,城区 1.0,50325
3112,20695,城区 1.0,50326
13169,38831,城区 1.0,50327
20040,16488,城区 1.0,50328
3685,34090,城区 1.0,50329
19497,17589,城区 1.0,50330
990,30145,城区 1.0,50331
19353,34314,城区 1.0,50332
18651,16740,城区 1.0,50333
22044,26258,城区 1.0,50334
335,23759,城区 1.0,50335
11192,22605,城区 1.0,50336
264,27181,城区 1.0,50337
3503,18829,城区 1.0,50338
23775,35608,城区 1.0,50339
4292,20997,城区 1.0,50340
17549,19556,城区 1.0,50341
561,21627,城区 1.0,50342
6467,19541,城区 1.0,50343
1129,21240,城区 1.0,50344
2813,19174,城区 1.0,50345
20601,21077,城区 1.0,50346
20215,23683,城区 1.0,50347
103213,28992,城区 1.0,50348
105824,25601,城区 1.0,50349
103392,20759,城区 1.0,50350
97670,31428,城区 1.0,50351
108027,24084,城区 1.0,50352
105075,23786,城区 1.0,50353
95498,29970,城区 1.0,50354
101287,28847,城区 1.0,50355
97604,20503,城区 1.0,50356
101221,27663,城区 1.0,50357
100706,22363,城区 1.0,50358
104010,27171,城区 1.0,50359
107489,23240,城区 1.0,50360
107164,30542,城区 1.0,50361
102619,25913,城区 1.0,50362
102591,26704,城区 1.0,50363
96818,29232,城区 1.0,50364
95750,30205,城区 1.0,50365
99975,21539,城区 1.0,50366
95303,31422,城区 1.0,50367
101098,31247,城区 1.0,50368
108584,33648,城区 1.0,50369
97971,22864,城区 1.0,50370
102913,31075,城区 1.0,50371
101545,33712,城区 1.0,50372
97546,23678,城区 1.0,50373
96769,20262,城区 1.0,50374
103519,33985,城区 1.0,50375
108289,20944,城区 1.0,50376
97865,23540,城区 1.0,50377
103245,30508,城区 1.0,50378
108318,32870,城区 1.0,50379
104601,33323,城区 1.0,50380
101132,29472,城区 1.0,50381
107152,30087,城区 1.0,50382
108570,34763,城区 1.0,50383
109901,22103,城区 1.0,50384
109423,23527,城区 1.0,50385
106600,31969,城区 1.0,50386
109015,25565,城区 1.0,50387
95028,26543,城区 1.0,50388
105347,22088,城区 1.0,50389
97943,32637,城区 1.0,50390
102409,31463,城区 1.0,50391
100049,24681,城区 1.0,50392
96588,31342,城区 1.0,50393
95608,22060,城区 1.0,50394
101221,21758,城区 1.0,50395
109954,25888,城区 1.0,50396
109146,20690,城区 1.0,50397
102949,32843,城区 1.0,50398
101430,30620,城区 1.0,50399
95748,32067,城区 1.0,50400
99536,25783,城区 1.0,50401
98035,22226,城区 1.0,50402
95185,27038,城区 1.0,50403
104853,30629,城区 1.0,50404
106224,20748,城区 1.0,50405
99923,23359,城区 1.0,50406
97257,29766,城区 1.0,50407
99944,34955,城区 1.0,50408
103318,22726,城区 1.0,50409
105411,26025,城区 1.0,50410
100355,21001,城区 1.0,50411
102549,29496,城区 1.0,50412
98584,29515,城区 1.0,50413
97964,28342,城区 1.0,50414
103075,22913,城区 1.0,50415
96142,21196,城区 1.0,50416
101948,30072,城区 1.0,50417
100426,34606,城区 1.0,50418
106173,29429,城区 1.0,50419
97404,26705,城区 1.0,50420
100626,34812,城区 1.0,50421
99375,20093,城区 1.0,50422
96565,21036,城区 1.0,50423
109736,34141,城区 1.0,50424
95814,25994,城区 1.0,50425
103256,26652,城区 1.0,50426
103936,20838,城区 1.0,50427
100482,21355,城区 1.0,50428
101015,21131,城区 1.0,50429
98230,22841,城区 1.0,50430
109625,22011,城区 1.0,50431
97637,24186,城区 1.0,50432
99690,21650,城区 1.0,50433
100662,26634,城区 1.0,50434
105893,30353,城区 1.0,50435
101416,33452,城区 1.0,50436
109008,27262,城区 1.0,50437
102233,25454,城区 1.0,50438
96303,21634,城区 1.0,50439
106303,34256,城区 1.0,50440
95148,31124,城区 1.0,50441
107317,24213,城区 1.0,50442
107109,29028,城区 1.0,50443
109200,26080,城区 1.0,50444
101318,21858,城区 1.0,50445
104050,29155,城区 1.0,50446
96361,20264,城区 1.0,50447
106903,23676,城区 1.0,50448
109643,31909,城区 1.0,50449
109902,23561,城区 1.0,50450
108489,29948,城区 1.0,50451
96282,33653,城区 1.0,50452
95674,22220,城区 1.0,50453
100402,26923,城区 1.0,50454
98831,24369,城区 1.0,50455
98878,25259,城区 1.0,50456
99008,27619,城区 1.0,50457
103971,20003,城区 1.0,50458
101945,29781,城区 1.0,50459
106504,32392,城区 1.0,50460
97685,30313,城区 1.0,50461
101698,25589,城区 1.0,50462
107722,25938,城区 1.0,50463
99037,26410,城区 1.0,50464
96461,26234,城区 1.0,50465
107508,29961,城区 1.0,50466
98959,26493,城区 1.0,50467
96515,30269,城区 1.0,50468
104937,33869,城区 1.0,50469
95058,34700,城区 1.0,50470
108971,31264,城区 1.0,50471
95117,21215,城区 1.0,50472
104555,7815,城区 1.0,50473
98330,3039,城区 1.0,50474
80212,9288,城区 1.0,50475
108082,1954,城区 1.0,50476
96085,710,城区 1.0,50477
104484,4774,城区 1.0,50478
88380,9815,城区 1.0,50479
105951,6541,城区 1.0,50480
98115,1679,城区 1.0,50481
97110,5898,城区 1.0,50482
103073,788,城区 1.0,50483
103977,18132,城区 1.0,50484
109956,8689,城区 1.0,50485
106113,10008,城区 1.0,50486
92941,15790,城区 1.0,50487
81723,1363,城区 1.0,50488
80028,5184,城区 1.0,50489
104778,7200,城区 1.0,50490
85071,1885,城区 1.0,50491
101974,1071,城区 1.0,50492
91333,2867,城区 1.0,50493
106153,14295,城区 1.0,50494
82168,825,城区 1.0,50495
89676,15629,城区 1.0,50496
108650,2598,城区 1.0,50497
83309,4693,城区 1.0,50498
84686,10080,城区 1.0,50499
90116,12249,城区 1.0,50500
106667,1528,城区 1.0,50501
106679,7864,城区 1.0,50502
109421,8405,城区 1.0,50503
88826,6816,城区 1.0,50504
87516,7726,城区 1.0,50505
108666,9087,城区 1.0,50506
107681,19964,城区 1.0,50507
81340,5686,城区 1.0,50508
86021,11662,城区 1.0,50509
94721,6064,城区 1.0,50510
109309,415,城区 1.0,50511
97902,9873,城区 1.0,50512
97124,3941,城区 1.0,50513
82745,11762,城区 1.0,50514
108423,7531,城区 1.0,50515
84806,12268,城区 1.0,50516
89318,5602,城区 1.0,50517
81907,4307,城区 1.0,50518
103481,1012,城区 1.0,50519
101136,6630,城区 1.0,50520
104114,6809,城区 1.0,50521
84084,3556,城区 1.0,50522
92290,1293,城区 1.0,50523
109996,9152,城区 1.0,50524
81054,5345,城区 1.0,50525
94708,248,城区 1.0,50526
87491,13712,城区 1.0,50527
85131,10114,城区 1.0,50528
96439,7958,城区 1.0,50529
104722,9704,城区 1.0,50530
86995,1052,城区 1.0,50531
105269,7479,城区 1.0,50532
98238,6423,城区 1.0,50533
107918,10866,城区 1.0,50534
97659,12498,城区 1.0,50535
108486,1196,城区 1.0,50536
87462,6633,城区 1.0,50537
92158,12022,城区 1.0,50538
81146,18392,城区 1.0,50539
93037,3925,城区 1.0,50540
90647,9458,城区 1.0,50541
86602,10807,城区 1.0,50542
84098,7830,城区 1.0,50543
109292,14600,城区 1.0,50544
87278,799,城区 1.0,50545
98352,448,城区 1.0,50546
93882,540,城区 1.0,50547
108315,4575,城区 1.0,50548
88762,9567,城区 1.0,50549
102336,18397,城区 1.0,50550
81418,19897,城区 1.0,50551
105828,13851,城区 1.0,50552
106816,4230,城区 1.0,50553
84449,16925,城区 1.0,50554
80658,229,城区 1.0,50555
104520,10940,城区 1.0,50556
109560,15147,城区 1.0,50557
105162,1655,城区 1.0,50558
100675,792,城区 1.0,50559
102361,11754,城区 1.0,50560
96398,3146,城区 1.0,50561
88714,6946,城区 1.0,50562
101188,19569,城区 1.0,50563
88638,7663,城区 1.0,50564
95075,4515,城区 1.0,50565
91521,475,城区 1.0,50566
95615,528,城区 1.0,50567
93234,12570,城区 1.0,50568
80905,9464,城区 1.0,50569
99557,8962,城区 1.0,50570
94161,10524,城区 1.0,50571
92549,17469,城区 1.0,50572
80330,11923,城区 1.0,50573
108350,14333,城区 1.0,50574
102925,10910,城区 1.0,50575
99737,16336,城区 1.0,50576
98337,1278,城区 1.0,50577
92393,7636,城区 1.0,50578
80714,8164,城区 1.0,50579
81591,19949,城区 1.0,50580
99135,2505,城区 1.0,50581
93337,10004,城区 1.0,50582
96337,2623,城区 1.0,50583
108664,9970,城区 1.0,50584
105608,10568,城区 1.0,50585
99281,7085,城区 1.0,50586
89152,18373,城区 1.0,50587
108652,8194,城区 1.0,50588
89876,3826,城区 1.0,50589
108396,7572,城区 1.0,50590
86249,14640,城区 1.0,50591
109174,18819,城区 1.0,50592
80943,12611,城区 1.0,50593
81941,289,城区 1.0,50594
88419,5565,城区 1.0,50595
83805,7585,城区 1.0,50596
96216,11450,城区 1.0,50597
81615,2609,城区 1.0,50598
91064,9166,城区 1.0,50599
96893,16074,城区 1.0,50600
93509,10300,城区 1.0,50601
99695,9573,城区 1.0,50602
95589,13161,城区 1.0,50603
81172,17968,城区 1.0,50604
107358,6031,城区 1.0,50605
106268,19426,城区 1.0,50606
108510,10422,城区 1.0,50607
80774,8779,城区 1.0,50608
80910,3552,城区 1.0,50609
84182,5391,城区 1.0,50610
95495,5764,城区 1.0,50611
80874,1364,城区 1.0,50612
94902,8255,城区 1.0,50613
84460,474,城区 1.0,50614
86972,6821,城区 1.0,50615
106122,5547,城区 1.0,50616
101577,9789,城区 1.0,50617
105605,10195,城区 1.0,50618
107594,7950,城区 1.0,50619
96343,754,城区 1.0,50620
82481,1012,城区 1.0,50621
91672,3439,城区 1.0,50622
93428,5912,城区 1.0,50623
89762,5967,城区 1.0,50624
104408,4415,城区 1.0,50625
81908,17223,城区 1.0,50626
91759,6434,城区 1.0,50627
85204,9486,城区 1.0,50628
84319,958,城区 1.0,50629
85945,6806,城区 1.0,50630
88166,18700,城区 1.0,50631
91367,17692,城区 1.0,50632
101787,8532,城区 1.0,50633
80556,10974,城区 1.0,50634
83447,5021,城区 1.0,50635
98283,6222,城区 1.0,50636
109331,2376,城区 1.0,50637
108583,6948,城区 1.0,50638
92723,17982,城区 1.0,50639
102018,14776,城区 1.0,50640
89220,11111,城区 1.0,50641
82182,3856,城区 1.0,50642
99490,8925,城区 1.0,50643
84324,6486,城区 1.0,50644
99677,15969,城区 1.0,50645
91643,7534,城区 1.0,50646
95677,2668,城区 1.0,50647
81068,1991,城区 1.0,50648
82196,7783,城区 1.0,50649
96828,7727,城区 1.0,50650
109426,15871,城区 1.0,50651
90697,17612,城区 1.0,50652
98703,11027,城区 1.0,50653
91408,5545,城区 1.0,50654
89508,7185,城区 1.0,50655
80238,4237,城区 1.0,50656
106443,1313,城区 1.0,50657
102501,8850,城区 1.0,50658
105128,2111,城区 1.0,50659
103650,8149,城区 1.0,50660
91192,1454,城区 1.0,50661
95869,681,城区 1.0,50662
107465,267,城区 1.0,50663
97713,19793,城区 1.0,50664
98634,5472,城区 1.0,50665
100972,2830,城区 1.0,50666
104901,8442,城区 1.0,50667
85177,13877,城区 1.0,50668
105770,702,城区 1.0,50669
94364,1381,城区 1.0,50670
96590,8823,城区 1.0,50671
82237,8023,城区 1.0,50672
82179,16595,城区 1.0,50673
100169,2327,城区 1.0,50674
92042,11310,城区 1.0,50675
108182,11058,城区 1.0,50676
87926,9487,城区 1.0,50677
81670,12528,城区 1.0,50678
85651,2258,城区 1.0,50679
87213,9860,城区 1.0,50680
105783,1286,城区 1.0,50681
82742,8610,城区 1.0,50682
84472,7128,城区 1.0,50683
98434,5841,城区 1.0,50684
100718,3503,城区 1.0,50685
94867,4865,城区 1.0,50686
90938,1881,城区 1.0,50687
89257,2750,城区 1.0,50688
108614,18598,城区 1.0,50689
108458,2661,城区 1.0,50690
106063,12756,城区 1.0,50691
100807,278,城区 1.0,50692
99489,19435,城区 1.0,50693
86365,12075,城区 1.0,50694
87586,1386,城区 1.0,50695
87833,8360,城区 1.0,50696
93330,6048,城区 1.0,50697
88928,9492,城区 1.0,50698
92433,3840,城区 1.0,50699
86766,1735,城区 1.0,50700
99810,11599,城区 1.0,50701
91837,1892,城区 1.0,50702
81982,7328,城区 1.0,50703
109352,11369,城区 1.0,50704
81244,1794,城区 1.0,50705
86608,9252,城区 1.0,50706
91647,17432,城区 1.0,50707
89535,7208,城区 1.0,50708
83264,3497,城区 1.0,50709
103243,7649,城区 1.0,50710
102015,6841,城区 1.0,50711
80189,16100,城区 1.0,50712
99812,10648,城区 1.0,50713
89523,19851,城区 1.0,50714
104474,8633,城区 1.0,50715
109891,7200,城区 1.0,50716
99854,9990,城区 1.0,50717
105697,4919,城区 1.0,50718
97780,2578,城区 1.0,50719
92931,12544,城区 1.0,50720
83340,13487,城区 1.0,50721
80899,2525,城区 1.0,50722
88483,5538,城区 1.0,50723
87492,6193,城区 1.0,50724
108252,5011,城区 1.0,50725
81560,15834,城区 1.0,50726
81840,11497,城区 1.0,50727
82785,18529,城区 1.0,50728
81540,18805,城区 1.0,50729
108791,13392,城区 1.0,50730
93210,13549,城区 1.0,50731
101578,6979,城区 1.0,50732
80971,9277,城区 1.0,50733
80073,193,城区 1.0,50734
81620,1497,城区 1.0,50735
93826,11276,城区 1.0,50736
99790,6582,城区 1.0,50737
93578,11159,城区 1.0,50738
100418,6489,城区 1.0,50739
80159,3449,城区 1.0,50740
92924,9072,城区 1.0,50741
90380,7008,城区 1.0,50742
107967,10208,城区 1.0,50743
86477,18503,城区 1.0,50744
95370,12607,城区 1.0,50745
94196,12074,城区 1.0,50746
93722,12611,城区 1.0,50747
99019,8761,城区 1.0,50748
91056,12890,城区 1.0,50749
81163,16683,城区 1.0,50750
93716,19932,城区 1.0,50751
105452,2741,城区 1.0,50752
84954,6813,城区 1.0,50753
82862,10396,城区 1.0,50754
95460,615,城区 1.0,50755
90904,2599,城区 1.0,50756
100136,4680,城区 1.0,50757
89198,7032,城区 1.0,50758
94387,12584,城区 1.0,50759
87240,3517,城区 1.0,50760
97006,8670,城区 1.0,50761
80241,18882,城区 1.0,50762
105249,3523,城区 1.0,50763
81758,12105,城区 1.0,50764
109621,17095,城区 1.0,50765
87296,9916,城区 1.0,50766
95678,10178,城区 1.0,50767
93579,5058,城区 1.0,50768
107577,12750,城区 1.0,50769
94007,3729,城区 1.0,50770
104081,2995,城区 1.0,50771
82678,4676,城区 1.0,50772
107753,899,城区 1.0,50773
91784,15565,城区 1.0,50774
83093,13608,城区 1.0,50775
86172,11243,城区 1.0,50776
109929,7514,城区 1.0,50777
90168,5055,城区 1.0,50778
91191,5973,城区 1.0,50779
88922,6748,城区 1.0,50780
85651,10986,城区 1.0,50781
82144,16446,城区 1.0,50782
81577,6517,城区 1.0,50783
94629,9916,城区 1.0,50784
85874,15791,城区 1.0,50785
95469,2912,城区 1.0,50786
88146,10693,城区 1.0,50787
89091,9815,城区 1.0,50788
106949,6857,城区 1.0,50789
100640,6052,城区 1.0,50790
80236,8551,城区 1.0,50791
89487,11226,城区 1.0,50792
108162,16955,城区 1.0,50793
103183,8394,城区 1.0,50794
80180,16097,城区 1.0,50795
83065,7065,城区 1.0,50796
82513,9261,城区 1.0,50797
92578,1078,城区 1.0,50798
96878,14140,城区 1.0,50799
84611,11947,城区 1.0,50800
82445,170,城区 1.0,50801
109975,13489,城区 1.0,50802
104750,6149,城区 1.0,50803
83333,13865,城区 1.0,50804
102214,17282,城区 1.0,50805
27007,12432,城区 1.0,50806
8896,1367,城区 1.0,50807
28522,4882,城区 1.0,50808
31810,2641,城区 1.0,50809
7231,2187,城区 1.0,50810
6705,6479,城区 1.0,50811
6321,6538,城区 1.0,50812
31351,4447,城区 1.0,50813
24208,9646,城区 1.0,50814
22276,10759,城区 1.0,50815
30189,422,城区 1.0,50816
27666,8486,城区 1.0,50817
3455,2028,城区 1.0,50818
29614,4860,城区 1.0,50819
29253,11777,城区 1.0,50820
31348,12503,城区 1.0,50821
10861,7431,城区 1.0,50822
29082,12455,城区 1.0,50823
14197,7106,城区 1.0,50824
8752,821,城区 1.0,50825
17296,11281,城区 1.0,50826
26021,9455,城区 1.0,50827
15947,12124,城区 1.0,50828
18318,9135,城区 1.0,50829
11376,1774,城区 1.0,50830
29859,9998,城区 1.0,50831
12074,9253,城区 1.0,50832
6922,10635,城区 1.0,50833
1643,13888,城区 1.0,50834
8153,13232,城区 1.0,50835
4747,13680,城区 1.0,50836
19926,10678,城区 1.0,50837
6450,14801,城区 1.0,50838
24961,14199,城区 1.0,50839
20855,11363,城区 1.0,50840
5716,10573,城区 1.0,50841
31561,8245,城区 1.0,50842
6473,13274,城区 1.0,50843
1550,9353,城区 1.0,50844
1181,4287,城区 1.0,50845
2699,3110,城区 1.0,50846
18643,2465,城区 1.0,50847
7172,2529,城区 1.0,50848
9981,2112,城区 1.0,50849
13476,4381,城区 1.0,50850
8247,11890,城区 1.0,50851
16671,8805,城区 1.0,50852
32372,32,城区 1.0,50853
3989,9320,城区 1.0,50854
23165,431,城区 1.0,50855
9658,11293,城区 1.0,50856
17206,11578,城区 1.0,50857
16948,2206,城区 1.0,50858
27171,3166,城区 1.0,50859
3396,1697,城区 1.0,50860
31020,8694,城区 1.0,50861
15529,14788,城区 1.0,50862
30109,2984,城区 1.0,50863
11969,13978,城区 1.0,50864
21617,4015,城区 1.0,50865
16626,3684,城区 1.0,50866
9168,2906,城区 1.0,50867
25928,12097,城区 1.0,50868
28118,9390,城区 1.0,50869
15199,11785,城区 1.0,50870
14486,4199,城区 1.0,50871
12420,5710,城区 1.0,50872
18271,813,城区 1.0,50873
27415,6085,城区 1.0,50874
318,3580,城区 1.0,50875
1331,7267,城区 1.0,50876
8387,13444,城区 1.0,50877
23186,14507,城区 1.0,50878
4360,2827,城区 1.0,50879
28074,11431,城区 1.0,50880
7152,271,城区 1.0,50881
10268,4693,城区 1.0,50882
19885,337,城区 1.0,50883
31311,2604,城区 1.0,50884
12677,406,城区 1.0,50885
7768,14022,城区 1.0,50886
19413,5000,城区 1.0,50887
542,2537,城区 1.0,50888
30038,6388,城区 1.0,50889
7355,13289,城区 1.0,50890
31647,3181,城区 1.0,50891
13093,1584,城区 1.0,50892
10987,10761,城区 1.0,50893
20493,8217,城区 1.0,50894
9501,2482,城区 1.0,50895
29447,665,城区 1.0,50896
10753,7104,城区 1.0,50897
15084,4095,城区 1.0,50898
13525,221,城区 1.0,50899
3964,6781,城区 1.0,50900
4872,8106,城区 1.0,50901
3656,3343,城区 1.0,50902
22593,12080,城区 1.0,50903
16080,14868,城区 1.0,50904
21411,13713,城区 1.0,50905
20968,3251,城区 1.0,50906
27216,12079,城区 1.0,50907
28768,2040,城区 1.0,50908
31531,12933,城区 1.0,50909
23779,5663,城区 1.0,50910
12259,11653,城区 1.0,50911
27936,2095,城区 1.0,50912
24365,11874,城区 1.0,50913
7720,11835,城区 1.0,50914
25680,8976,城区 1.0,50915
18455,5725,城区 1.0,50916
4071,9808,城区 1.0,50917
13559,9156,城区 1.0,50918
5602,2832,城区 1.0,50919
7905,10440,城区 1.0,50920
7375,6562,城区 1.0,50921
22885,6962,城区 1.0,50922
21080,1836,城区 1.0,50923
10797,1202,城区 1.0,50924
10508,10080,城区 1.0,50925
5340,12076,城区 1.0,50926
9058,1493,城区 1.0,50927
7740,8546,城区 1.0,50928
20474,9773,城区 1.0,50929
19097,8880,城区 1.0,50930
23335,11072,城区 1.0,50931
23400,707,城区 1.0,50932
22955,5666,城区 1.0,50933
4141,8588,城区 1.0,50934
12481,2168,城区 1.0,50935
28315,4396,城区 1.0,50936
16225,1009,城区 1.0,50937
22012,3136,城区 1.0,50938
11455,3762,城区 1.0,50939
25043,742,城区 1.0,50940
21,2922,城区 1.0,50941
24512,9248,城区 1.0,50942
26018,12368,城区 1.0,50943
23717,9714,城区 1.0,50944
17650,13290,城区 1.0,50945
3335,12759,城区 1.0,50946
3169,6895,城区 1.0,50947
5303,7640,城区 1.0,50948
21979,9199,城区 1.0,50949
29105,9791,城区 1.0,50950
18661,8681,城区 1.0,50951
3652,8753,城区 1.0,50952
24033,2029,城区 1.0,50953
15987,7042,城区 1.0,50954
26253,5083,城区 1.0,50955
11420,814,城区 1.0,50956
32718,12244,城区 1.0,50957
31063,7229,城区 1.0,50958
20652,3864,城区 1.0,50959
4769,470,城区 1.0,50960
15005,6047,城区 1.0,50961
1594,6487,城区 1.0,50962
24326,3276,城区 1.0,50963
21323,6540,城区 1.0,50964
7679,8990,城区 1.0,50965
32588,9710,城区 1.0,50966
29271,2945,城区 1.0,50967
29221,13470,城区 1.0,50968
20183,8589,城区 1.0,50969
23955,4978,城区 1.0,50970
24779,5006,城区 1.0,50971
13262,5135,城区 1.0,50972
23487,12196,城区 1.0,50973
29033,2088,城区 1.0,50974
12935,4779,城区 1.0,50975
15993,14790,城区 1.0,50976
24962,3965,城区 1.0,50977
11001,4105,城区 1.0,50978
11807,9567,城区 1.0,50979
2669,3134,城区 1.0,50980
32671,1457,城区 1.0,50981
12998,3545,城区 1.0,50982
13597,14218,城区 1.0,50983
8838,14844,城区 1.0,50984
7372,8563,城区 1.0,50985
21028,14264,城区 1.0,50986
28801,14723,城区 1.0,50987
13490,7604,城区 1.0,50988
31601,9227,城区 1.0,50989
11197,8692,城区 1.0,50990
19771,5363,城区 1.0,50991
29301,7363,城区 1.0,50992
7721,3565,城区 1.0,50993
17421,8445,城区 1.0,50994
18610,495,城区 1.0,50995
16741,22,城区 1.0,50996
31812,14151,城区 1.0,50997
23015,8055,城区 1.0,50998
3393,8738,城区 1.0,50999
15279,4882,城区 1.0,51000
1608,12654,城区 1.0,51001
3822,2707,城区 1.0,51002
24245,1338,城区 1.0,51003
144,7290,城区 1.0,51004
31339,8154,城区 1.0,51005
24604,4623,城区 1.0,51006
22225,5078,城区 1.0,51007
21724,1981,城区 1.0,51008
2330,14733,城区 1.0,51009
28223,5594,城区 1.0,51010
29130,3846,城区 1.0,51011
4987,14445,城区 1.0,51012
18805,8616,城区 1.0,51013
5750,5489,城区 1.0,51014
27338,6963,城区 1.0,51015
28135,14697,城区 1.0,51016
32209,6630,城区 1.0,51017
23224,1908,城区 1.0,51018
26737,9474,城区 1.0,51019
31920,12372,城区 1.0,51020
10293,3855,城区 1.0,51021
6734,9561,城区 1.0,51022
31056,12606,城区 1.0,51023
8184,7075,城区 1.0,51024
28382,14119,城区 1.0,51025
6741,432,城区 1.0,51026
24684,12779,城区 1.0,51027
12279,3283,城区 1.0,51028
20667,836,城区 1.0,51029
24125,9118,城区 1.0,51030
12737,3028,城区 1.0,51031
32119,5577,城区 1.0,51032
10737,14091,城区 1.0,51033
20556,7795,城区 1.0,51034
16060,6901,城区 1.0,51035
8793,3432,城区 1.0,51036
2136,4580,城区 1.0,51037
14875,5907,城区 1.0,51038
21184,13074,城区 1.0,51039
8719,11790,城区 1.0,51040
20476,41,城区 1.0,51041
3351,8329,城区 1.0,51042
16290,7974,城区 1.0,51043
23072,3591,城区 1.0,51044
12189,787,城区 1.0,51045
31490,3239,城区 1.0,51046
14893,3053,城区 1.0,51047
17063,10681,城区 1.0,51048
25903,12005,城区 1.0,51049
24176,3479,城区 1.0,51050
1695,6139,城区 1.0,51051
32468,13998,城区 1.0,51052
21083,8639,城区 1.0,51053
29515,12621,城区 1.0,51054
29993,826,城区 1.0,51055
15722,8838,城区 1.0,51056
24828,12581,城区 1.0,51057
24399,8978,城区 1.0,51058
11891,1023,城区 1.0,51059
26943,9834,城区 1.0,51060
14243,7349,城区 1.0,51061
2702,8707,城区 1.0,51062
20502,10141,城区 1.0,51063
10687,8346,城区 1.0,51064
15891,9637,城区 1.0,51065
18413,11400,城区 1.0,51066
22816,1690,城区 1.0,51067
13162,8935,城区 1.0,51068
29126,4410,城区 1.0,51069
19877,11382,城区 1.0,51070
26260,12189,城区 1.0,51071
26705,13874,城区 1.0,51072
2663,5722,城区 1.0,51073
32195,7566,城区 1.0,51074
16360,6038,城区 1.0,51075
18588,7811,城区 1.0,51076
28245,9467,城区 1.0,51077
32425,11867,城区 1.0,51078
13189,10542,城区 1.0,51079
13063,6547,城区 1.0,51080
30502,14617,城区 1.0,51081
9099,10023,城区 1.0,51082
17226,1203,城区 1.0,51083
30048,6051,城区 1.0,51084
1570,8636,城区 1.0,51085
9458,10967,城区 1.0,51086
8456,9405,城区 1.0,51087
11531,14962,城区 1.0,51088
26819,7975,城区 1.0,51089
10556,7531,城区 1.0,51090
31495,8044,城区 1.0,51091
30591,11803,城区 1.0,51092
3388,3915,城区 1.0,51093
7450,12319,城区 1.0,51094
6272,10791,城区 1.0,51095
29383,10133,城区 1.0,51096
1775,9642,城区 1.0,51097
23569,3300,城区 1.0,51098
17954,12078,城区 1.0,51099
3585,2257,城区 1.0,51100
25333,893,城区 1.0,51101
10490,10103,城区 1.0,51102
4750,2233,城区 1.0,51103
10722,9271,城区 1.0,51104
19611,3990,城区 1.0,51105
30338,6641,城区 1.0,51106
23258,4047,城区 1.0,51107
2352,9658,城区 1.0,51108
479,10302,城区 1.0,51109
32683,3990,城区 1.0,51110
10002,568,城区 1.0,51111
4422,1895,城区 1.0,51112
6135,3008,城区 1.0,51113
12361,1742,城区 1.0,51114
22194,8699,城区 1.0,51115
23188,5178,城区 1.0,51116
4042,1357,城区 1.0,51117
23941,1847,城区 1.0,51118
7469,1345,城区 1.0,51119
4380,1913,城区 1.0,51120
14964,10710,城区 1.0,51121
20061,10385,城区 1.0,51122
20073,12504,城区 1.0,51123
9462,2703,城区 1.0,51124
28102,11069,城区 1.0,51125
5154,3529,城区 1.0,51126
31552,2074,城区 1.0,51127
19149,3730,城区 1.0,51128
2244,10844,城区 1.0,51129
13049,14118,城区 1.0,51130
24065,11363,城区 1.0,51131
19552,13773,城区 1.0,51132
18470,14731,城区 1.0,51133
6747,7511,城区 1.0,51134
5869,14398,城区 1.0,51135
10498,7103,城区 1.0,51136
27352,10679,城区 1.0,51137
28053,13043,城区 1.0,51138
14522,1088,城区 1.0,51139
1563,10834,城区 1.0,51140
9850,2022,城区 1.0,51141
7240,6911,城区 1.0,51142
9492,5651,城区 1.0,51143
28580,477,城区 1.0,51144
27616,14876,城区 1.0,51145
19178,5220,城区 1.0,51146
14615,7348,城区 1.0,51147
26798,2179,城区 1.0,51148
31635,1857,城区 1.0,51149
2883,1662,城区 1.0,51150
18902,13262,城区 1.0,51151
19420,4770,城区 1.0,51152
19022,9273,城区 1.0,51153
25841,12686,城区 1.0,51154
28888,3917,城区 1.0,51155
31717,1892,城区 1.0,51156
13698,11267,城区 1.0,51157
11749,65,城区 1.0,51158
10389,6932,城区 1.0,51159
25619,1081,城区 1.0,51160
2003,14130,城区 1.0,51161
13028,3631,城区 1.0,51162
14589,8152,城区 1.0,51163
18630,4172,城区 1.0,51164
19864,6407,城区 1.0,51165
12295,10428,城区 1.0,51166
29681,3490,城区 1.0,51167
26610,11177,城区 1.0,51168
31071,10236,城区 1.0,51169
6459,5643,城区 1.0,51170
16840,12633,城区 1.0,51171
27037,8893,城区 1.0,51172
22630,5274,城区 1.0,51173
12993,13782,城区 1.0,51174
32203,2461,城区 1.0,51175
8290,4662,城区 1.0,51176
22307,5997,城区 1.0,51177
31151,3423,城区 1.0,51178
8890,1717,城区 1.0,51179
6640,13703,城区 1.0,51180
5566,4883,城区 1.0,51181
23661,7659,城区 1.0,51182
18245,5386,城区 1.0,51183
32651,2765,城区 1.0,51184
19601,1840,城区 1.0,51185
17209,1497,城区 1.0,51186
27283,14250,城区 1.0,51187
18058,8421,城区 1.0,51188
175,581,城区 1.0,51189
26787,3271,城区 1.0,51190
4287,12999,城区 1.0,51191
12504,9979,城区 1.0,51192
2138,10700,城区 1.0,51193
530,2461,城区 1.0,51194
12118,205,城区 1.0,51195
7540,3828,城区 1.0,51196
24459,11622,城区 1.0,51197
14398,3760,城区 1.0,51198
27098,12935,城区 1.0,51199
10481,614,城区 1.0,51200
19567,3493,城区 1.0,51201
28596,4161,城区 1.0,51202
7746,10538,城区 1.0,51203
7670,5538,城区 1.0,51204
21476,6555,城区 1.0,51205
24917,1371,城区 1.0,51206
16760,5752,城区 1.0,51207
13758,433,城区 1.0,51208
32255,14065,城区 1.0,51209
726,2401,城区 1.0,51210
3034,12759,城区 1.0,51211
10393,548,城区 1.0,51212
27273,3792,城区 1.0,51213
16193,12933,城区 1.0,51214
30137,2103,城区 1.0,51215
3690,13211,城区 1.0,51216
13694,9668,城区 1.0,51217
32627,7498,城区 1.0,51218
989,248,城区 1.0,51219
3879,11647,城区 1.0,51220
11149,931,城区 1.0,51221
669,875,城区 1.0,51222
25598,10449,城区 1.0,51223
25436,9599,城区 1.0,51224
20123,1443,城区 1.0,51225
1731,3154,城区 1.0,51226
22861,4434,城区 1.0,51227
9385,8967,城区 1.0,51228
10816,11393,城区 1.0,51229
16704,14866,城区 1.0,51230
30953,308,城区 1.0,51231
28223,3684,城区 1.0,51232
30792,7667,城区 1.0,51233
10048,2469,城区 1.0,51234
13930,811,城区 1.0,51235
19814,1090,城区 1.0,51236
5427,8743,城区 1.0,51237
1604,10599,城区 1.0,51238
16474,7195,城区 1.0,51239
506,5158,城区 1.0,51240
17589,9858,城区 1.0,51241
27809,2889,城区 1.0,51242
11447,40,城区 1.0,51243
3818,9364,城区 1.0,51244
17975,26,城区 1.0,51245
25089,2503,城区 1.0,51246
30066,11412,城区 1.0,51247
6840,12570,城区 1.0,51248
14676,10395,城区 1.0,51249
28641,14986,城区 1.0,51250
17651,6109,城区 1.0,51251
8187,5083,城区 1.0,51252
21085,8390,城区 1.0,51253
31250,3686,城区 1.0,51254
4755,11381,城区 1.0,51255
28128,10502,城区 1.0,51256
24277,862,城区 1.0,51257
26424,3565,城区 1.0,51258
3872,832,城区 1.0,51259
30885,14428,城区 1.0,51260
6646,5889,城区 1.0,51261
6478,10883,城区 1.0,51262
24925,6265,城区 1.0,51263
31260,5045,城区 1.0,51264
20778,5821,城区 1.0,51265
13855,2520,城区 1.0,51266
12927,9773,城区 1.0,51267
25134,12251,城区 1.0,51268
22675,13336,城区 1.0,51269
16334,6001,城区 1.0,51270
2737,9310,城区 1.0,51271
5974,7590,城区 1.0,51272
20356,1071,城区 1.0,51273
32080,10935,城区 1.0,51274
32145,2282,城区 1.0,51275
1825,3718,城区 1.0,51276
13573,4712,城区 1.0,51277
13037,4998,城区 1.0,51278
9905,7162,城区 1.0,51279
1717,8692,城区 1.0,51280
19539,13047,城区 1.0,51281
10946,4103,城区 1.0,51282
30231,9115,城区 1.0,51283
839,10858,城区 1.0,51284
20829,2645,城区 1.0,51285
3394,2199,城区 1.0,51286
19645,14272,城区 1.0,51287
675,6862,城区 1.0,51288
32072,13773,城区 1.0,51289
2480,11238,城区 1.0,51290
26897,3542,城区 1.0,51291
29608,4203,城区 1.0,51292
23277,6125,城区 1.0,51293
20134,1401,城区 1.0,51294
9078,3382,城区 1.0,51295
20169,5736,城区 1.0,51296
27478,2939,城区 1.0,51297
21138,3721,城区 1.0,51298
31426,10663,城区 1.0,51299
1677,6575,城区 1.0,51300
6724,10981,城区 1.0,51301
27700,7961,城区 1.0,51302
28862,1002,城区 1.0,51303
18448,10095,城区 1.0,51304
684,9016,城区 1.0,51305
15137,9507,城区 1.0,51306
13993,6284,城区 1.0,51307
2944,259,城区 1.0,51308
821,7058,城区 1.0,51309
24643,2668,城区 1.0,51310
10677,119,城区 1.0,51311
29857,8041,城区 1.0,51312
8891,10264,城区 1.0,51313
1623,6915,城区 1.0,51314
8072,2929,城区 1.0,51315
841,4715,城区 1.0,51316
17615,12536,城区 1.0,51317
14957,12759,城区 1.0,51318
700,13452,城区 1.0,51319
5093,9241,城区 1.0,51320
11829,12448,城区 1.0,51321
5227,11798,城区 1.0,51322
16224,10324,城区 1.0,51323
12274,3133,城区 1.0,51324
22885,38,城区 1.0,51325
12170,6862,城区 1.0,51326
32629,5084,城区 1.0,51327
11909,14878,城区 1.0,51328
6923,12085,城区 1.0,51329
29400,8024,城区 1.0,51330
14193,8105,城区 1.0,51331
9412,765,城区 1.0,51332
5767,407,城区 1.0,51333
10677,13784,城区 1.0,51334
704,14790,城区 1.0,51335
9834,10891,城区 1.0,51336
621,3085,城区 1.0,51337
27734,10190,城区 1.0,51338
20542,2998,城区 1.0,51339
22086,2018,城区 1.0,51340
15621,424,城区 1.0,51341
22597,6376,城区 1.0,51342
24254,14669,城区 1.0,51343
18108,12927,城区 1.0,51344
12493,11068,城区 1.0,51345
6366,9102,城区 1.0,51346
2438,12600,城区 1.0,51347
10819,14318,城区 1.0,51348
2290,14984,城区 1.0,51349
16339,2556,城区 1.0,51350
25808,4632,城区 1.0,51351
21478,11814,城区 1.0,51352
13787,7239,城区 1.0,51353
28074,10020,城区 1.0,51354
10827,2554,城区 1.0,51355
1988,7441,城区 1.0,51356
16798,13642,城区 1.0,51357
19002,1321,城区 1.0,51358
30104,13946,城区 1.0,51359
7056,3509,城区 1.0,51360
29833,2708,城区 1.0,51361
19761,6533,城区 1.0,51362
20686,14804,城区 1.0,51363
26385,10142,城区 1.0,51364
18842,2260,城区 1.0,51365
22161,1620,城区 1.0,51366
4343,9578,城区 1.0,51367
1187,113,城区 1.0,51368
13063,4591,城区 1.0,51369
5934,5415,城区 1.0,51370
656,14761,城区 1.0,51371
25012,13411,城区 1.0,51372
11959,1251,城区 1.0,51373
18738,13370,城区 1.0,51374
26124,5507,城区 1.0,51375
8007,2584,城区 1.0,51376
10951,8101,城区 1.0,51377
14489,9958,城区 1.0,51378
15441,1790,城区 1.0,51379
17013,412,城区 1.0,51380
14855,6060,城区 1.0,51381
7093,8472,城区 1.0,51382
25402,2676,城区 1.0,51383
13543,7373,城区 1.0,51384
6266,12651,城区 1.0,51385
15275,6528,城区 1.0,51386
532,10761,城区 1.0,51387
5469,2503,城区 1.0,51388
32729,2107,城区 1.0,51389
27892,2451,城区 1.0,51390
17953,13392,城区 1.0,51391
22570,13519,城区 1.0,51392
19472,8407,城区 1.0,51393
22494,9505,城区 1.0,51394
28440,5383,城区 1.0,51395
14262,6409,城区 1.0,51396
28607,3038,城区 1.0,51397
4360,5471,城区 1.0,51398
11171,5654,城区 1.0,51399
29947,11514,城区 1.0,51400
14523,6229,城区 1.0,51401
489,6766,城区 1.0,51402
17887,14756,城区 1.0,51403
26632,7470,城区 1.0,51404
25739,5666,城区 1.0,51405
8522,7283,城区 1.0,51406
8160,2553,城区 1.0,51407
24705,12091,城区 1.0,51408
1259,10386,城区 1.0,51409
31687,4629,城区 1.0,51410
42,13317,城区 1.0,51411
22045,12356,城区 1.0,51412
13388,10452,城区 1.0,51413
3154,466,城区 1.0,51414
11833,12760,城区 1.0,51415
26919,10631,城区 1.0,51416
6738,6267,城区 1.0,51417
25776,6098,城区 1.0,51418
24314,1320,城区 1.0,51419
13053,9007,城区 1.0,51420
16469,9216,城区 1.0,51421
9722,4842,城区 1.0,51422
29007,463,城区 1.0,51423
26260,947,城区 1.0,51424
13793,13630,城区 1.0,51425
18717,8043,城区 1.0,51426
31376,10314,城区 1.0,51427
16626,2117,城区 1.0,51428
1334,5620,城区 1.0,51429
14171,11792,城区 1.0,51430
8964,4154,城区 1.0,51431
18866,14693,城区 1.0,51432
30664,8775,城区 1.0,51433
13000,12212,城区 1.0,51434
21100,7551,城区 1.0,51435
25476,6379,城区 1.0,51436
10943,2877,城区 1.0,51437
3789,361,城区 1.0,51438
11385,8272,城区 1.0,51439
11434,144,城区 1.0,51440
29561,10563,城区 1.0,51441
14504,12946,城区 1.0,51442
23888,5308,城区 1.0,51443
12157,1430,城区 1.0,51444
5123,6464,城区 1.0,51445
4074,4346,城区 1.0,51446
13837,1981,城区 1.0,51447
25318,11611,城区 1.0,51448
16292,2591,城区 1.0,51449
3832,12123,城区 1.0,51450
6461,1991,城区 1.0,51451
31461,12330,城区 1.0,51452
28498,2369,城区 1.0,51453
17291,8400,城区 1.0,51454
14179,9117,城区 1.0,51455
2317,4914,城区 1.0,51456
1595,1441,城区 1.0,51457
5936,6867,城区 1.0,51458
7028,1453,城区 1.0,51459
27909,13973,城区 1.0,51460
17981,11503,城区 1.0,51461
26569,6816,城区 1.0,51462
1883,10367,城区 1.0,51463
5385,13402,城区 1.0,51464
5230,2157,城区 1.0,51465
28681,567,城区 1.0,51466
8310,1866,城区 1.0,51467
3687,13171,城区 1.0,51468
3477,1245,城区 1.0,51469
32764,6238,城区 1.0,51470
27671,2047,城区 1.0,51471
-1,-1 
